   0.00000000      0.333333343    
   9.99999978E-03   0.00000000    
   1.99999996E-02   0.00000000    
   2.99999993E-02   0.00000000    
   3.99999991E-02   0.00000000    
   5.00000007E-02   0.00000000    
   5.99999987E-02   0.00000000    
   7.00000003E-02   0.00000000    
   7.99999982E-02   0.00000000    
   9.00000036E-02   0.00000000    
  0.100000001       0.00000000    
  0.109999999       0.00000000    
  0.119999997       0.00000000    
  0.129999995       0.00000000    
  0.140000001       0.00000000    
  0.150000006       0.00000000    
  0.159999996       0.00000000    
  0.170000002       0.00000000    
  0.180000007       0.00000000    
  0.189999998       0.00000000    
  0.200000003       0.00000000    
  0.209999993       0.00000000    
  0.219999999       0.00000000    
  0.230000004       0.00000000    
  0.239999995       0.00000000    
  0.250000000       0.00000000    
  0.259999990       0.00000000    
  0.270000011       0.00000000    
  0.280000001       0.00000000    
  0.289999992       0.00000000    
  0.300000012       0.00000000    
  0.310000002       0.00000000    
  0.319999993       0.00000000    
  0.330000013       0.00000000    
  0.340000004       0.00000000    
  0.349999994       0.00000000    
  0.360000014       0.00000000    
  0.370000005       0.00000000    
  0.379999995       0.00000000    
  0.389999986       0.00000000    
  0.400000006       0.00000000    
  0.409999996       0.00000000    
  0.419999987       0.00000000    
  0.430000007       0.00000000    
  0.439999998       0.00000000    
  0.449999988       0.00000000    
  0.460000008       0.00000000    
  0.469999999       0.00000000    
  0.479999989       0.00000000    
  0.490000010       0.00000000    
  0.500000000       0.00000000    
  0.509999990       0.00000000    
  0.519999981       0.00000000    
  0.529999971       0.00000000    
  0.540000021       0.00000000    
  0.550000012       0.00000000    
  0.560000002       0.00000000    
  0.569999993       0.00000000    
  0.579999983       0.00000000    
  0.589999974       0.00000000    
  0.600000024       0.00000000    
  0.610000014       0.00000000    
  0.620000005       0.00000000    
  0.629999995       0.00000000    
  0.639999986       0.00000000    
  0.649999976       0.00000000    
  0.660000026       0.00000000    
  0.670000017       0.00000000    
  0.680000007       0.00000000    
  0.689999998       0.00000000    
  0.699999988       0.00000000    
  0.709999979       0.00000000    
  0.720000029       0.00000000    
  0.730000019       0.00000000    
  0.740000010       0.00000000    
  0.750000000       0.00000000    
  0.759999990       0.00000000    
  0.769999981       0.00000000    
  0.779999971       0.00000000    
  0.790000021       0.00000000    
  0.800000012       0.00000000    
  0.810000002       0.00000000    
  0.819999993       0.00000000    
  0.829999983       0.00000000    
  0.839999974       0.00000000    
  0.850000024       0.00000000    
  0.860000014       0.00000000    
  0.870000005       0.00000000    
  0.879999995       0.00000000    
  0.889999986       0.00000000    
  0.899999976       0.00000000    
  0.910000026       0.00000000    
  0.920000017       0.00000000    
  0.930000007       0.00000000    
  0.939999998       0.00000000    
  0.949999988       0.00000000    
  0.959999979       0.00000000    
  0.970000029       0.00000000    
  0.980000019       0.00000000    
  0.990000010       0.00000000    
   1.00000000       0.00000000    
