   0.00000000       1.00000000    
   1.00000000      0.943576276    
   2.00000000      0.887434781    
   3.00000000      0.831853747    
   4.00000000      0.777102411    
   5.00000000      0.723438442    
   6.00000000      0.671103239    
   7.00000000      0.620319128    
   8.00000000      0.571286440    
   9.00000000      0.524181485    
   10.0000000      0.479154348    
   11.0000000      0.436328650    
   12.0000000      0.395800054    
   13.0000000      0.357636809    
   14.0000000      0.321880162    
   15.0000000      0.288545549    
   16.0000000      0.257623732    
   17.0000000      0.229083076    
   18.0000000      0.202871352    
   19.0000000      0.178918421    
   20.0000000      0.157138541    
   21.0000000      0.137432948    
   22.0000000      0.119692773    
   23.0000000      0.103801258    
   24.0000000       8.96363482E-02
   25.0000000       7.70731196E-02
   26.0000000       6.59856573E-02
   27.0000000       5.62490523E-02
   28.0000000       4.77410220E-02
   29.0000000       4.03432883E-02
   30.0000000       3.39427367E-02
   31.0000000       2.84322724E-02
   32.0000000       2.37115044E-02
   33.0000000       1.96871795E-02
   34.0000000       1.62734408E-02
   35.0000000       1.33918812E-02
   36.0000000       1.09714856E-02
   37.0000000       8.94842297E-03
   38.0000000       7.26575498E-03
   39.0000000       5.87305892E-03
   40.0000000       4.72600153E-03
   41.0000000       3.78587400E-03
   42.0000000       3.01910588E-03
   43.0000000       2.39677797E-03
   44.0000000       1.89413968E-03
   45.0000000       1.49014615E-03
   46.0000000       1.16701529E-03
   47.0000000       9.09815368E-04
   48.0000000       7.06085819E-04
   49.0000000       5.45491464E-04
   50.0000000       4.19511052E-04
   51.0000000       3.21161147E-04
   52.0000000       2.44751747E-04
   53.0000000       1.85674086E-04
   54.0000000       1.40216449E-04
   55.0000000       1.05406754E-04
   56.0000000       7.88786419E-05
   57.0000000       5.87586765E-05
   58.0000000       4.35718612E-05
   59.0000000       3.21633961E-05
   60.0000000       2.36341366E-05
   61.0000000       1.72878063E-05
   62.0000000       1.25881788E-05
   63.0000000       9.12450560E-06
   64.0000000       6.58384897E-06
   65.0000000       4.72906413E-06
   66.0000000       3.38139694E-06
   67.0000000       2.40682016E-06
   68.0000000       1.70537032E-06
   69.0000000       1.20287984E-06
   70.0000000       8.44608678E-07
   71.0000000       5.90363697E-07
   72.0000000       4.10786186E-07
   73.0000000       2.84541301E-07
   74.0000000       1.96204709E-07
   75.0000000       1.34682011E-07
   76.0000000       9.20337655E-08
   77.0000000       6.26071213E-08
   78.0000000       4.23975308E-08
   79.0000000       2.85824449E-08
   80.0000000       1.91823410E-08
   81.0000000       1.28158941E-08
   82.0000000       8.52398863E-09
   83.0000000       5.64397462E-09
   84.0000000       3.72029341E-09
   85.0000000       2.44129805E-09
   86.0000000       1.59484159E-09
   87.0000000       1.03721520E-09
   88.0000000       6.71545652E-10
   89.0000000       4.32849701E-10
   90.0000000       2.77747103E-10
   91.0000000       1.77418483E-10
   92.0000000       1.12809435E-10
   93.0000000       7.13805681E-11
   94.0000000       4.49167266E-11
   95.0000000       2.80567323E-11
   96.0000000       1.73107466E-11
   97.0000000       1.04052088E-11
   98.0000000       5.84544132E-12
   99.0000000       2.62080527E-12
   100.000000       0.00000000    
