   0.00000000       1.00000060    
   9.99999978E-03  0.953653991    
   1.99999996E-02  0.907558680    
   2.99999993E-02  0.861848116    
   3.99999991E-02  0.817098558    
   5.00000007E-02  0.773748517    
   5.99999987E-02  0.732408047    
   7.00000003E-02  0.693547189    
   7.99999982E-02  0.657639086    
   9.00000036E-02  0.624996006    
  0.100000001      0.595848680    
  0.109999999      0.570274651    
  0.119999997      0.548254728    
  0.129999995      0.529653013    
  0.140000001      0.514262974    
  0.150000006      0.501812994    
  0.159999996      0.492000639    
  0.170000002      0.484504402    
  0.180000007      0.479004711    
  0.189999998      0.475193173    
  0.200000003      0.472783536    
  0.209999993      0.471515238    
  0.219999999      0.471157879    
  0.230000004      0.471510321    
  0.239999995      0.472400576    
  0.250000000      0.473684162    
  0.259999990      0.475241899    
  0.270000011      0.476975381    
  0.280000001      0.478806913    
  0.289999992      0.480674326    
  0.300000012      0.482529700    
  0.310000002      0.484337151    
  0.319999993      0.486070633    
  0.330000013      0.487711877    
  0.340000004      0.489249617    
  0.349999994      0.490677029    
  0.360000014      0.491991907    
  0.370000005      0.493194163    
  0.379999995      0.494287431    
  0.389999986      0.495276660    
  0.400000006      0.496167570    
  0.409999996      0.496967882    
  0.419999987      0.497685403    
  0.430000007      0.498328567    
  0.439999998      0.498906434    
  0.449999988      0.499428511    
  0.460000008      0.499903888    
  0.469999999      0.500342250    
  0.479999989      0.500752628    
  0.490000010      0.501144707    
  0.500000000      0.501527607    
  0.509999990      0.501910567    
  0.519999981      0.502303004    
  0.529999971      0.502714157    
  0.540000021      0.503153265    
  0.550000012      0.503629923    
  0.560000002      0.504153550    
  0.569999993      0.504733205    
  0.579999983      0.505378366    
  0.589999974      0.506097734    
  0.600000024      0.506899893    
  0.610000014      0.507793307    
  0.620000005      0.508784950    
  0.629999995      0.509880483    
  0.639999986      0.511085451    
  0.649999976      0.512402654    
  0.660000026      0.513833165    
  0.670000017      0.515373111    
  0.680000007      0.517015994    
  0.689999998      0.518750787    
  0.699999988      0.520559132    
  0.709999979      0.522414207    
  0.720000029      0.524280429    
  0.730000019      0.526109695    
  0.740000010      0.527840018    
  0.750000000      0.529393256    
  0.759999990      0.530671120    
  0.769999981      0.531553149    
  0.779999971      0.531894565    
  0.790000021      0.531523168    
  0.800000012      0.530236781    
  0.810000002      0.527803540    
  0.819999993      0.523962438    
  0.829999983      0.518425167    
  0.839999974      0.510882497    
  0.850000024      0.501012027    
  0.860000014      0.488491118    
  0.870000005      0.473013520    
  0.879999995      0.454308510    
  0.889999986      0.432163686    
  0.899999976      0.406447917    
  0.910000026      0.377132416    
  0.920000017      0.344307154    
  0.930000007      0.308187723    
  0.939999998      0.269111484    
  0.949999988      0.227521822    
  0.959999979      0.183936685    
  0.970000029      0.138906240    
  0.980000019       9.29619819E-02
  0.990000010       4.65557911E-02
   1.00000000       0.00000000    
